image_name,cluster,centroid_distance
test_00001.jpg,cluster_0,20.590616842949135
test_00012.jpg,cluster_0,71.53850017702457
test_00017.jpg,cluster_0,74.44457694382876
test_00023.jpg,cluster_0,103.79720567605128
test_00025.jpg,cluster_0,31.31777851137489
test_00033.jpg,cluster_0,75.95452291098508
test_00036.jpg,cluster_0,45.62998692577209
test_00037.jpg,cluster_0,53.062753138584306
test_00038.jpg,cluster_0,83.70137470262874
test_00042.jpg,cluster_0,67.00535557886745
test_00043.jpg,cluster_0,99.17611653741795
test_00044.jpg,cluster_0,75.95335019095664
test_00045.jpg,cluster_0,86.0156859063237
test_00047.jpg,cluster_0,35.2668565065003
test_00049.jpg,cluster_0,32.357392273547454
test_00050.jpg,cluster_0,60.30852301078359
test_00051.jpg,cluster_0,62.37284463388205
test_00054.jpg,cluster_0,35.27898391331298
test_00055.jpg,cluster_0,84.37658519912686
test_00058.jpg,cluster_0,61.512898992736886
test_00064.jpg,cluster_0,76.2999364779432
test_00068.jpg,cluster_0,37.19393497683988
test_00069.jpg,cluster_0,54.260445718469114
test_00070.jpg,cluster_0,64.22275065500796
test_00071.jpg,cluster_0,89.70306281200796
test_00072.jpg,cluster_0,65.80674528445137
test_00075.jpg,cluster_0,111.04218380006982
test_00079.jpg,cluster_0,89.09031545466796
test_00088.jpg,cluster_0,105.13805269516514
train_00001.jpg,cluster_0,100.77412242068186
train_00004.jpg,cluster_0,87.3028518122158
train_00009.jpg,cluster_0,84.45341996909819
train_00011.jpg,cluster_0,50.3413694770417
train_00018.jpg,cluster_0,83.59120324270286
train_00022.jpg,cluster_0,10.248053264254482
train_00025.jpg,cluster_0,48.438429765776334
train_00032.jpg,cluster_0,101.20378966246737
train_00034.jpg,cluster_0,101.08492372003107
train_00035.jpg,cluster_0,68.5545457566357
train_00046.jpg,cluster_0,22.288769034717664
train_00047.jpg,cluster_0,66.1669015117001
train_00053.jpg,cluster_0,81.45942746258908
train_00054.jpg,cluster_0,53.56902382886529
train_00055.jpg,cluster_0,98.1943220518901
train_00063.jpg,cluster_0,76.49664506499781
train_00064.jpg,cluster_0,96.45035284785055
train_00066.jpg,cluster_0,70.88719988432388
train_00067.jpg,cluster_0,4.689263243774421
train_00074.jpg,cluster_0,13.078722838475688
train_00076.jpg,cluster_0,55.22888776552495
train_00079.jpg,cluster_0,40.414602011114674
train_00080.jpg,cluster_0,98.11426126651912
train_00082.jpg,cluster_0,36.052859006180746
train_00083.jpg,cluster_0,54.43503830618873
train_00087.jpg,cluster_0,24.1283926507274
train_00088.jpg,cluster_0,85.178415393644
train_00090.jpg,cluster_0,82.88837141619857
train_00091.jpg,cluster_0,91.00558500051214
train_00092.jpg,cluster_0,98.46587180805597
train_00093.jpg,cluster_0,24.010680973067643
train_00094.jpg,cluster_0,72.61773421161308
train_00095.jpg,cluster_0,94.95169507455635
train_00101.jpg,cluster_0,99.09648708012018
train_00102.jpg,cluster_0,65.39946006062873
train_00103.jpg,cluster_0,80.33307910215257
train_00110.jpg,cluster_0,15.078737590699982
train_00111.jpg,cluster_0,4.2545857324706615
train_00113.jpg,cluster_0,6.819613411330487
train_00120.jpg,cluster_0,72.10710014984595
train_00124.jpg,cluster_0,77.99719304062998
train_00125.jpg,cluster_0,48.52371957369245
train_00126.jpg,cluster_0,10.369323759701391
train_00129.jpg,cluster_0,67.54036275562969
train_00130.jpg,cluster_0,95.70305301366004
train_00136.jpg,cluster_0,40.49960518655227
train_00138.jpg,cluster_0,65.08751890743673
train_00142.jpg,cluster_0,61.25497971406887
train_00144.jpg,cluster_0,89.37728943828832
train_00145.jpg,cluster_0,14.910605050798392
train_00146.jpg,cluster_0,76.26089995829659
train_00147.jpg,cluster_0,89.44485708832696
train_00148.jpg,cluster_0,103.89071162811337
train_00149.jpg,cluster_0,89.24349694961168
train_00150.jpg,cluster_0,91.11272355759542
train_00151.jpg,cluster_0,111.19931408079157
train_00152.jpg,cluster_0,87.64594240543197
train_00154.jpg,cluster_0,18.66406816825434
train_00161.jpg,cluster_0,23.329330625769394
train_00164.jpg,cluster_0,78.29355078488103
train_00166.jpg,cluster_0,39.21714837598156
train_00168.jpg,cluster_0,64.10901642911554
train_00169.jpg,cluster_0,18.18083662477709
train_00174.jpg,cluster_0,62.981811462330455
train_00175.jpg,cluster_0,80.13188641585977
train_00178.jpg,cluster_0,83.9426131491763
train_00181.jpg,cluster_0,32.693011841819924
train_00184.jpg,cluster_0,18.334817747067234
train_00186.jpg,cluster_0,61.020251584924196
train_00187.jpg,cluster_0,61.62914288866804
train_00191.jpg,cluster_0,40.764612763215936
train_00192.jpg,cluster_0,39.541647971829185
train_00197.jpg,cluster_0,16.323597407478896
train_00202.jpg,cluster_0,86.33298483987667
train_00208.jpg,cluster_0,92.35602249184382
train_00209.jpg,cluster_0,77.45052948803949
train_00210.jpg,cluster_0,110.20438648271922
train_00214.jpg,cluster_0,66.0411344761528
train_00217.jpg,cluster_0,38.18692082905383
train_00223.jpg,cluster_0,58.710476702939204
train_00225.jpg,cluster_0,71.55007180776802
train_00233.jpg,cluster_0,80.24676455878044
train_00237.jpg,cluster_0,80.67006646892257
train_00238.jpg,cluster_0,102.33329975788598
train_00249.jpg,cluster_0,74.67327422237632
train_00251.jpg,cluster_0,89.36999548207677
train_00254.jpg,cluster_0,85.91796850302975
train_00256.jpg,cluster_0,34.7574264640913
train_00261.jpg,cluster_0,26.771438080619646
train_00264.jpg,cluster_0,125.39656404734971
train_00266.jpg,cluster_0,64.8916192074169
train_00271.jpg,cluster_0,37.01600309533874
train_00272.jpg,cluster_0,72.85325622401588
train_00273.jpg,cluster_0,68.07297734952192
train_00276.jpg,cluster_0,57.52679981421983
train_00277.jpg,cluster_0,59.1084826072747
train_00282.jpg,cluster_0,10.817451092178615
train_00285.jpg,cluster_0,35.44813352358791
train_00292.jpg,cluster_0,72.56664653093722
train_00295.jpg,cluster_0,55.26290432036789
train_00300.jpg,cluster_0,67.97657870527458
train_00302.jpg,cluster_0,53.01820222819029
train_00307.jpg,cluster_0,94.88537799755169
train_00314.jpg,cluster_0,107.87954990872899
train_00316.jpg,cluster_0,30.348261850146734
train_00317.jpg,cluster_0,91.57534593727765
train_00325.jpg,cluster_0,30.284627784408304
train_00328.jpg,cluster_0,87.75416578773721
train_00330.jpg,cluster_0,98.17568203075787
train_00331.jpg,cluster_0,17.60737842258784
train_00346.jpg,cluster_0,89.0577325099779
train_00355.jpg,cluster_0,71.89863508621484
train_00357.jpg,cluster_0,65.61999179674537
train_00359.jpg,cluster_0,64.82619724686313
train_00363.jpg,cluster_0,56.61393345714316
train_00370.jpg,cluster_0,9.844861717998358
train_00372.jpg,cluster_0,19.593196310188173
train_00375.jpg,cluster_0,11.650308694033207
train_00376.jpg,cluster_0,84.5395705265741
train_00379.jpg,cluster_0,25.852480691665136
train_00380.jpg,cluster_0,70.12214479521079
train_00385.jpg,cluster_0,27.228070501531715
train_00386.jpg,cluster_0,33.67143443074111
train_00388.jpg,cluster_0,45.741275920959836
train_00391.jpg,cluster_0,59.64353303696129
train_00399.jpg,cluster_0,21.225746059994687
train_00402.jpg,cluster_0,48.55304205928087
train_00407.jpg,cluster_0,78.8341426985551
train_00410.jpg,cluster_0,6.495184596269845
train_00413.jpg,cluster_0,42.51498163148622
train_00421.jpg,cluster_0,92.8266133412859
train_00423.jpg,cluster_0,101.13502371240952
train_00425.jpg,cluster_0,5.763204857232995
train_00426.jpg,cluster_0,109.39945810175723
train_00427.jpg,cluster_0,113.3540873184734
train_00429.jpg,cluster_0,9.652654834248645
train_00434.jpg,cluster_0,63.82609660568301
train_00438.jpg,cluster_0,89.65364771377396
train_00450.jpg,cluster_0,86.14118621844295
train_00456.jpg,cluster_0,54.43936626221635
train_00458.jpg,cluster_0,49.858416329220816
train_00459.jpg,cluster_0,104.65362266831677
train_00461.jpg,cluster_0,102.13688043210395
train_00463.jpg,cluster_0,16.81174896047643
train_00470.jpg,cluster_0,45.69001402122011
train_00476.jpg,cluster_0,106.53581333744614
train_00478.jpg,cluster_0,84.18218132577067
train_00487.jpg,cluster_0,55.01347384195253
train_00491.jpg,cluster_0,2.8225729969871356
train_00494.jpg,cluster_0,90.65783521538827
train_00495.jpg,cluster_0,93.34786132373206
train_00496.jpg,cluster_0,65.48611961179168
train_00498.jpg,cluster_0,84.0977635151545
train_00500.jpg,cluster_0,6.08948947712875
train_00501.jpg,cluster_0,69.07576987126315
train_00505.jpg,cluster_0,59.9847256835723
train_00507.jpg,cluster_0,91.44738049502641
train_00508.jpg,cluster_0,33.35501247774761
train_00511.jpg,cluster_0,69.02247238069135
train_00515.jpg,cluster_0,82.40648156738423
train_00518.jpg,cluster_0,107.2643884200962
train_00520.jpg,cluster_0,63.63550032020499
train_00531.jpg,cluster_0,100.81580103317701
train_00534.jpg,cluster_0,60.646740235265945
train_00535.jpg,cluster_0,32.69346393096905
train_00540.jpg,cluster_0,90.25660168805351
train_00543.jpg,cluster_0,99.27861156175847
train_00545.jpg,cluster_0,22.365151812497857
train_00546.jpg,cluster_0,59.1811503160016
train_00547.jpg,cluster_0,88.99073372626968
train_00548.jpg,cluster_0,57.10098401594383
train_00550.jpg,cluster_0,119.27109959929092
train_00554.jpg,cluster_0,101.43915419985467
train_00556.jpg,cluster_0,63.65496720192204
train_00559.jpg,cluster_0,46.54205152582468
train_00564.jpg,cluster_0,53.64756511301093
train_00566.jpg,cluster_0,74.26486873658229
train_00567.jpg,cluster_0,53.75387527462416
train_00569.jpg,cluster_0,98.4076503968816
train_00574.jpg,cluster_0,95.94829479254598
train_00575.jpg,cluster_0,89.98490052352801
train_00577.jpg,cluster_0,42.83666506734988
train_00580.jpg,cluster_0,77.30993196257394
train_00589.jpg,cluster_0,51.52158205028617
train_00590.jpg,cluster_0,51.31674815602899
train_00592.jpg,cluster_0,41.58529516214643
train_00595.jpg,cluster_0,18.054522115337413
train_00598.jpg,cluster_0,18.946935192627446
train_00601.jpg,cluster_0,57.889951360519994
train_00602.jpg,cluster_0,74.93067858602151
train_00603.jpg,cluster_0,57.020632981374284
train_00604.jpg,cluster_0,111.20567462115591
train_00610.jpg,cluster_0,87.67974115563499
train_00614.jpg,cluster_0,63.17504452012606
train_00615.jpg,cluster_0,7.172311236596824
validation_00002.jpg,cluster_0,107.04140455878564
validation_00010.jpg,cluster_0,22.500341135361833
validation_00015.jpg,cluster_0,83.43698472757984
validation_00016.jpg,cluster_0,49.27068360492594
validation_00017.jpg,cluster_0,83.325113334703
validation_00023.jpg,cluster_0,91.0702765443364
validation_00025.jpg,cluster_0,114.17713487045833
validation_00029.jpg,cluster_0,80.3324224705991
validation_00030.jpg,cluster_0,87.41493075170473
validation_00031.jpg,cluster_0,81.22889019985391
validation_00033.jpg,cluster_0,69.43020137175321
validation_00041.jpg,cluster_0,90.0993248653366
validation_00043.jpg,cluster_0,71.51975796772298
validation_00044.jpg,cluster_0,24.956017695606498
validation_00047.jpg,cluster_0,67.93768185270731
validation_00052.jpg,cluster_0,66.6172784996947
validation_00062.jpg,cluster_0,88.94058425519866
validation_00068.jpg,cluster_0,97.97963720864352
validation_00069.jpg,cluster_0,99.78992947153493
validation_00070.jpg,cluster_0,76.51408808413665
validation_00077.jpg,cluster_0,92.29098119846859
validation_00078.jpg,cluster_0,64.65999428928274
validation_00087.jpg,cluster_0,55.834199155805
validation_00092.jpg,cluster_0,99.6493220285162
validation_00094.jpg,cluster_0,66.27223872987294
validation_00096.jpg,cluster_0,79.0232043744548
validation_00104.jpg,cluster_0,36.21169038270327
validation_00119.jpg,cluster_0,83.96255152979921
validation_00120.jpg,cluster_0,67.34085771358563
validation_00121.jpg,cluster_0,16.51193207727893
validation_00125.jpg,cluster_0,72.9803007040671
validation_00127.jpg,cluster_0,59.04653602296278
validation_00128.jpg,cluster_0,73.82787418788985
validation_00132.jpg,cluster_0,26.969649205844387
validation_00136.jpg,cluster_0,77.38267897629778
validation_00137.jpg,cluster_0,80.34061677858574
validation_00139.jpg,cluster_0,45.34735149198706
validation_00142.jpg,cluster_0,32.48926497205023
validation_00146.jpg,cluster_0,16.570109399743103
validation_00147.jpg,cluster_0,37.63272771515521
validation_00148.jpg,cluster_0,26.65728314328443
validation_00151.jpg,cluster_0,81.7623356944581
validation_00156.jpg,cluster_0,25.028176066334687
validation_00162.jpg,cluster_0,75.31181263349708
validation_00163.jpg,cluster_0,120.22913928915656
validation_00165.jpg,cluster_0,31.91637837224416
validation_00170.jpg,cluster_0,41.19294578624054
validation_00180.jpg,cluster_0,89.01890384644537
test_00002.jpg,cluster_1,15.713555186360168
test_00005.jpg,cluster_1,42.5823545286964
test_00006.jpg,cluster_1,80.69862675562965
test_00008.jpg,cluster_1,20.71763102066724
test_00016.jpg,cluster_1,44.4379243421675
test_00021.jpg,cluster_1,36.28668818635861
test_00035.jpg,cluster_1,48.48794594609036
test_00039.jpg,cluster_1,83.36390501790095
test_00040.jpg,cluster_1,46.776459128287264
test_00041.jpg,cluster_1,109.56373908831982
test_00048.jpg,cluster_1,73.86564522025206
test_00061.jpg,cluster_1,85.71027701933708
test_00062.jpg,cluster_1,95.2630009071983
test_00076.jpg,cluster_1,99.7911295021263
test_00077.jpg,cluster_1,48.1602777274224
test_00080.jpg,cluster_1,9.662778642235354
test_00084.jpg,cluster_1,86.59493810200108
test_00089.jpg,cluster_1,86.76084684083783
train_00005.jpg,cluster_1,115.31098455860503
train_00010.jpg,cluster_1,13.729417077565396
train_00013.jpg,cluster_1,11.900098538110536
train_00021.jpg,cluster_1,45.47169417059586
train_00023.jpg,cluster_1,74.97476688504783
train_00026.jpg,cluster_1,40.917338870906185
train_00030.jpg,cluster_1,68.76495488039308
train_00033.jpg,cluster_1,32.95487465875242
train_00039.jpg,cluster_1,55.656762710894824
train_00041.jpg,cluster_1,59.415586129572304
train_00043.jpg,cluster_1,100.77536101569929
train_00045.jpg,cluster_1,55.48096856986676
train_00049.jpg,cluster_1,59.72216548999886
train_00052.jpg,cluster_1,46.14520457259935
train_00060.jpg,cluster_1,54.804687776163924
train_00081.jpg,cluster_1,70.0739960628054
train_00084.jpg,cluster_1,101.75934404123613
train_00096.jpg,cluster_1,77.93700346222893
train_00098.jpg,cluster_1,37.81102317037012
train_00099.jpg,cluster_1,90.44390299229751
train_00104.jpg,cluster_1,99.51686794603232
train_00105.jpg,cluster_1,59.38080015711936
train_00108.jpg,cluster_1,94.1285712802661
train_00109.jpg,cluster_1,85.64112604213449
train_00112.jpg,cluster_1,21.061917031838853
train_00114.jpg,cluster_1,65.14960157153219
train_00118.jpg,cluster_1,52.24420566892939
train_00131.jpg,cluster_1,27.865366479448003
train_00133.jpg,cluster_1,38.2912610704178
train_00159.jpg,cluster_1,70.0316170234516
train_00162.jpg,cluster_1,53.13514763335352
train_00179.jpg,cluster_1,76.63685697919823
train_00180.jpg,cluster_1,91.63453767504025
train_00182.jpg,cluster_1,79.39920062094123
train_00185.jpg,cluster_1,79.60302461074266
train_00188.jpg,cluster_1,15.320392634726613
train_00189.jpg,cluster_1,81.63072432948177
train_00190.jpg,cluster_1,100.26238773747272
train_00200.jpg,cluster_1,56.802345280863534
train_00204.jpg,cluster_1,57.32681525690443
train_00206.jpg,cluster_1,80.88607908325234
train_00207.jpg,cluster_1,48.16534962990236
train_00215.jpg,cluster_1,104.8991109854022
train_00218.jpg,cluster_1,82.59287403667847
train_00221.jpg,cluster_1,80.46697240337221
train_00226.jpg,cluster_1,88.90975320151163
train_00227.jpg,cluster_1,39.803206755846
train_00229.jpg,cluster_1,69.7159364644879
train_00232.jpg,cluster_1,23.227299991353895
train_00234.jpg,cluster_1,48.80223022863676
train_00239.jpg,cluster_1,87.60565085694635
train_00244.jpg,cluster_1,61.3126686980563
train_00245.jpg,cluster_1,48.197085307719504
train_00255.jpg,cluster_1,54.93430352890472
train_00260.jpg,cluster_1,74.649159602446
train_00269.jpg,cluster_1,89.17753923099703
train_00274.jpg,cluster_1,8.290457124161346
train_00280.jpg,cluster_1,44.52696442609459
train_00281.jpg,cluster_1,41.132619910801836
train_00286.jpg,cluster_1,32.38519139707653
train_00288.jpg,cluster_1,60.84385468567184
train_00289.jpg,cluster_1,78.97857966877312
train_00290.jpg,cluster_1,80.71270551612525
train_00291.jpg,cluster_1,22.65706777282206
train_00294.jpg,cluster_1,67.40174355264891
train_00297.jpg,cluster_1,112.7010035927865
train_00304.jpg,cluster_1,14.981353422949445
train_00309.jpg,cluster_1,37.96734427148652
train_00311.jpg,cluster_1,101.60534101215555
train_00312.jpg,cluster_1,42.96836291663323
train_00333.jpg,cluster_1,48.20611062505474
train_00336.jpg,cluster_1,80.07858093040905
train_00337.jpg,cluster_1,86.61734626820727
train_00340.jpg,cluster_1,46.9099994357462
train_00341.jpg,cluster_1,31.871508763244485
train_00343.jpg,cluster_1,39.56993292567615
train_00344.jpg,cluster_1,57.18794495818586
train_00345.jpg,cluster_1,64.39864252951094
train_00354.jpg,cluster_1,98.4509370002863
train_00362.jpg,cluster_1,57.66348831884248
train_00382.jpg,cluster_1,21.694465004985233
train_00384.jpg,cluster_1,59.4323860578576
train_00405.jpg,cluster_1,80.11096843890644
train_00415.jpg,cluster_1,14.26770719920641
train_00418.jpg,cluster_1,87.9097220354113
train_00420.jpg,cluster_1,84.41246365380692
train_00422.jpg,cluster_1,93.39949376726925
train_00432.jpg,cluster_1,92.3622780701511
train_00439.jpg,cluster_1,86.85588035460788
train_00440.jpg,cluster_1,50.15166476437306
train_00445.jpg,cluster_1,45.87211750280727
train_00447.jpg,cluster_1,49.470170189794466
train_00451.jpg,cluster_1,5.252196079426214
train_00454.jpg,cluster_1,105.95241514211226
train_00465.jpg,cluster_1,72.65860327070571
train_00471.jpg,cluster_1,21.32948763378698
train_00474.jpg,cluster_1,34.38562115976237
train_00479.jpg,cluster_1,105.67203793247815
train_00482.jpg,cluster_1,37.03324269260238
train_00488.jpg,cluster_1,69.35911125164573
train_00489.jpg,cluster_1,41.03004440837016
train_00490.jpg,cluster_1,49.07919652688606
train_00497.jpg,cluster_1,55.20359658937981
train_00499.jpg,cluster_1,20.04951994661529
train_00514.jpg,cluster_1,44.18129763213932
train_00517.jpg,cluster_1,81.99569762313207
train_00519.jpg,cluster_1,31.276950064272732
train_00525.jpg,cluster_1,83.8168768714161
train_00526.jpg,cluster_1,73.71262983165391
train_00530.jpg,cluster_1,15.223066915655096
train_00533.jpg,cluster_1,68.11469433824321
train_00536.jpg,cluster_1,109.00920177878434
train_00537.jpg,cluster_1,46.2816181984998
train_00538.jpg,cluster_1,40.48575821123298
train_00539.jpg,cluster_1,99.70398398588257
train_00555.jpg,cluster_1,44.66463151259649
train_00560.jpg,cluster_1,71.18908185788081
train_00571.jpg,cluster_1,101.67959940303335
train_00586.jpg,cluster_1,80.83901451640692
train_00597.jpg,cluster_1,114.89075468505834
train_00608.jpg,cluster_1,95.5510857603141
train_00617.jpg,cluster_1,36.12259230828352
train_00618.jpg,cluster_1,51.11983217780224
validation_00000.jpg,cluster_1,22.932788524053766
validation_00001.jpg,cluster_1,48.61324620681237
validation_00005.jpg,cluster_1,108.03436200577984
validation_00006.jpg,cluster_1,94.25625335485638
validation_00008.jpg,cluster_1,38.19402536310304
validation_00011.jpg,cluster_1,35.42393295918159
validation_00012.jpg,cluster_1,95.8512353750599
validation_00018.jpg,cluster_1,24.920260117255136
validation_00019.jpg,cluster_1,59.54219849156612
validation_00022.jpg,cluster_1,98.3035994133053
validation_00028.jpg,cluster_1,37.04972152491695
validation_00035.jpg,cluster_1,57.34127069599423
validation_00040.jpg,cluster_1,14.92446551026211
validation_00045.jpg,cluster_1,54.76313446581403
validation_00050.jpg,cluster_1,57.20722182338919
validation_00055.jpg,cluster_1,43.88864502490734
validation_00059.jpg,cluster_1,78.14132025024067
validation_00071.jpg,cluster_1,89.26346609191049
validation_00075.jpg,cluster_1,22.703218070695726
validation_00081.jpg,cluster_1,80.60264852713071
validation_00083.jpg,cluster_1,64.51594513639449
validation_00084.jpg,cluster_1,97.34707326956831
validation_00086.jpg,cluster_1,43.54898929825763
validation_00097.jpg,cluster_1,67.60572813924436
validation_00100.jpg,cluster_1,90.90343401235357
validation_00102.jpg,cluster_1,71.55255701608702
validation_00105.jpg,cluster_1,108.23594561276622
validation_00109.jpg,cluster_1,75.2063985892355
validation_00110.jpg,cluster_1,59.40573110977831
validation_00134.jpg,cluster_1,63.3099361216966
validation_00138.jpg,cluster_1,53.33868971419564
validation_00150.jpg,cluster_1,89.61959268724223
validation_00154.jpg,cluster_1,34.84789266963143
validation_00157.jpg,cluster_1,85.0895990224895
validation_00160.jpg,cluster_1,6.145122675175664
validation_00164.jpg,cluster_1,70.02989057372693
validation_00167.jpg,cluster_1,124.28708349638177
validation_00176.jpg,cluster_1,99.80396927959585
validation_00179.jpg,cluster_1,72.24883827550146
test_00004.jpg,cluster_2,96.52003361856266
test_00007.jpg,cluster_2,51.681289206978924
test_00009.jpg,cluster_2,35.546538173803135
test_00010.jpg,cluster_2,114.65328799159028
test_00013.jpg,cluster_2,11.006853935233071
test_00019.jpg,cluster_2,113.58977270940966
test_00020.jpg,cluster_2,116.23892519290249
test_00024.jpg,cluster_2,116.38225721637147
test_00026.jpg,cluster_2,71.41312822885067
test_00027.jpg,cluster_2,73.20257942839604
test_00028.jpg,cluster_2,105.05105491166643
test_00029.jpg,cluster_2,122.35080227610582
test_00030.jpg,cluster_2,107.668082612105
test_00031.jpg,cluster_2,113.41612216897684
test_00032.jpg,cluster_2,115.1183282741548
test_00034.jpg,cluster_2,22.29767749647539
test_00046.jpg,cluster_2,114.99929106332637
test_00053.jpg,cluster_2,115.85046594231689
test_00057.jpg,cluster_2,120.92335814329124
test_00059.jpg,cluster_2,65.61340287804117
test_00060.jpg,cluster_2,93.0374967237221
test_00063.jpg,cluster_2,115.7348434027697
test_00065.jpg,cluster_2,110.59058445111894
test_00066.jpg,cluster_2,64.40731892040115
test_00067.jpg,cluster_2,112.42963936149343
test_00081.jpg,cluster_2,119.35611426597029
test_00082.jpg,cluster_2,105.35166237758364
test_00083.jpg,cluster_2,115.4776176962229
test_00085.jpg,cluster_2,90.67091081661695
test_00087.jpg,cluster_2,109.02617816750413
test_00090.jpg,cluster_2,85.77959375778804
test_00091.jpg,cluster_2,118.15699283016464
test_00092.jpg,cluster_2,90.51099109349549
test_00093.jpg,cluster_2,118.38488086568344
train_00000.jpg,cluster_2,112.92254591853582
train_00007.jpg,cluster_2,56.6248848698721
train_00015.jpg,cluster_2,105.54417201538982
train_00016.jpg,cluster_2,40.14738539290821
train_00017.jpg,cluster_2,112.26802149726652
train_00019.jpg,cluster_2,107.53488977367428
train_00028.jpg,cluster_2,107.19033054322603
train_00029.jpg,cluster_2,119.03315849476564
train_00031.jpg,cluster_2,101.82371164681737
train_00036.jpg,cluster_2,104.04991835407995
train_00038.jpg,cluster_2,109.42555675133212
train_00040.jpg,cluster_2,106.54450830410107
train_00048.jpg,cluster_2,113.35610408633029
train_00050.jpg,cluster_2,87.85353777470874
train_00056.jpg,cluster_2,107.90004584518094
train_00057.jpg,cluster_2,94.30075332377213
train_00058.jpg,cluster_2,32.44513991900465
train_00061.jpg,cluster_2,104.83598512196635
train_00065.jpg,cluster_2,110.61616735555178
train_00070.jpg,cluster_2,30.84645993689427
train_00071.jpg,cluster_2,100.10323170513645
train_00072.jpg,cluster_2,101.63158503811034
train_00077.jpg,cluster_2,101.87717054411986
train_00086.jpg,cluster_2,110.62997128279427
train_00089.jpg,cluster_2,129.12321862754803
train_00100.jpg,cluster_2,103.50517741444781
train_00106.jpg,cluster_2,74.03549849294356
train_00116.jpg,cluster_2,69.73921456669152
train_00117.jpg,cluster_2,22.02599934512076
train_00119.jpg,cluster_2,108.60891846148773
train_00122.jpg,cluster_2,114.21953554016734
train_00123.jpg,cluster_2,113.56950527012266
train_00127.jpg,cluster_2,79.5577396485551
train_00132.jpg,cluster_2,42.426693618240954
train_00134.jpg,cluster_2,47.05502358216961
train_00137.jpg,cluster_2,105.39194331576236
train_00140.jpg,cluster_2,120.22845838546029
train_00141.jpg,cluster_2,113.16127581126638
train_00143.jpg,cluster_2,115.96770649147673
train_00153.jpg,cluster_2,99.52931124324725
train_00155.jpg,cluster_2,108.33417544511431
train_00158.jpg,cluster_2,113.64686640495773
train_00160.jpg,cluster_2,109.0278372716864
train_00163.jpg,cluster_2,112.21328412056681
train_00170.jpg,cluster_2,113.7120483488534
train_00172.jpg,cluster_2,102.6019925126711
train_00173.jpg,cluster_2,111.96592637901742
train_00193.jpg,cluster_2,111.80098721903971
train_00195.jpg,cluster_2,102.30475876201993
train_00201.jpg,cluster_2,81.57570739787081
train_00205.jpg,cluster_2,114.14273870954123
train_00212.jpg,cluster_2,101.03897062499365
train_00213.jpg,cluster_2,111.41735235183617
train_00216.jpg,cluster_2,98.6965009225364
train_00220.jpg,cluster_2,13.033086300029272
train_00222.jpg,cluster_2,32.37324516001249
train_00235.jpg,cluster_2,119.31084755669623
train_00241.jpg,cluster_2,74.6237102549569
train_00243.jpg,cluster_2,116.33255164849083
train_00247.jpg,cluster_2,81.74648367084714
train_00248.jpg,cluster_2,113.70360743110754
train_00250.jpg,cluster_2,9.11190032083191
train_00252.jpg,cluster_2,114.82866464508093
train_00253.jpg,cluster_2,109.73686143484332
train_00259.jpg,cluster_2,119.5697956416025
train_00262.jpg,cluster_2,114.38756506461404
train_00265.jpg,cluster_2,107.70145050956788
train_00270.jpg,cluster_2,112.78105485909684
train_00275.jpg,cluster_2,101.43714676200348
train_00279.jpg,cluster_2,57.436266642299714
train_00283.jpg,cluster_2,103.01514265048063
train_00284.jpg,cluster_2,118.48764339171456
train_00287.jpg,cluster_2,115.78041539851266
train_00293.jpg,cluster_2,42.803945527695845
train_00296.jpg,cluster_2,73.20722994439033
train_00298.jpg,cluster_2,60.65425505674981
train_00299.jpg,cluster_2,115.92914991112016
train_00303.jpg,cluster_2,116.26738388441248
train_00306.jpg,cluster_2,105.4086181288247
train_00308.jpg,cluster_2,119.51811355564719
train_00310.jpg,cluster_2,112.51854960627921
train_00313.jpg,cluster_2,68.44471644638212
train_00315.jpg,cluster_2,114.64351561889937
train_00318.jpg,cluster_2,90.21061941767807
train_00319.jpg,cluster_2,116.05589587146419
train_00320.jpg,cluster_2,112.2949488814475
train_00322.jpg,cluster_2,17.803353100502186
train_00324.jpg,cluster_2,107.99799001944666
train_00326.jpg,cluster_2,77.39759272508229
train_00327.jpg,cluster_2,108.54434252408004
train_00334.jpg,cluster_2,110.29546811700622
train_00335.jpg,cluster_2,115.51596999782757
train_00338.jpg,cluster_2,118.04350338957893
train_00342.jpg,cluster_2,105.07846099350834
train_00347.jpg,cluster_2,104.2646192185826
train_00349.jpg,cluster_2,28.019919063283165
train_00356.jpg,cluster_2,114.571064305721
train_00358.jpg,cluster_2,118.24573077028292
train_00360.jpg,cluster_2,104.50802834577335
train_00361.jpg,cluster_2,111.61995471637239
train_00366.jpg,cluster_2,109.51514501088202
train_00371.jpg,cluster_2,119.3753176740805
train_00374.jpg,cluster_2,15.51738502738222
train_00377.jpg,cluster_2,71.01604678904803
train_00381.jpg,cluster_2,68.78108421413242
train_00389.jpg,cluster_2,103.21889546113705
train_00390.jpg,cluster_2,110.72698634559931
train_00392.jpg,cluster_2,113.34306590421542
train_00394.jpg,cluster_2,15.488133175478621
train_00395.jpg,cluster_2,28.887327701904105
train_00397.jpg,cluster_2,78.80375454030788
train_00400.jpg,cluster_2,108.12261320997051
train_00401.jpg,cluster_2,78.55531952307982
train_00404.jpg,cluster_2,113.4730598288693
train_00409.jpg,cluster_2,11.059004756947074
train_00412.jpg,cluster_2,29.089489604186287
train_00414.jpg,cluster_2,37.92371719326773
train_00416.jpg,cluster_2,114.12074020710857
train_00419.jpg,cluster_2,106.70247635796625
train_00424.jpg,cluster_2,108.90727807434537
train_00428.jpg,cluster_2,117.79256251345477
train_00430.jpg,cluster_2,6.301204950997533
train_00437.jpg,cluster_2,107.67427294660234
train_00442.jpg,cluster_2,115.48886565086008
train_00443.jpg,cluster_2,107.87975355268253
train_00444.jpg,cluster_2,113.54271606586097
train_00446.jpg,cluster_2,107.89903325924604
train_00448.jpg,cluster_2,107.91824392801159
train_00449.jpg,cluster_2,86.86961556793409
train_00452.jpg,cluster_2,117.96287121286456
train_00453.jpg,cluster_2,93.98120858127827
train_00457.jpg,cluster_2,95.23870361408197
train_00466.jpg,cluster_2,115.93625600895916
train_00469.jpg,cluster_2,89.60233295532397
train_00472.jpg,cluster_2,108.36343670006146
train_00475.jpg,cluster_2,102.68407415538778
train_00486.jpg,cluster_2,13.802539494724769
train_00492.jpg,cluster_2,112.22363407874106
train_00493.jpg,cluster_2,54.03831894822375
train_00502.jpg,cluster_2,25.01016664685544
train_00509.jpg,cluster_2,28.243235184032454
train_00510.jpg,cluster_2,67.9216163921902
train_00513.jpg,cluster_2,90.23231633135454
train_00521.jpg,cluster_2,106.94306756393155
train_00522.jpg,cluster_2,114.71070306487104
train_00523.jpg,cluster_2,99.12778407034013
train_00527.jpg,cluster_2,17.997791745276036
train_00532.jpg,cluster_2,101.18914745047249
train_00541.jpg,cluster_2,96.79880705288096
train_00549.jpg,cluster_2,98.70202366181036
train_00551.jpg,cluster_2,112.52748051314663
train_00557.jpg,cluster_2,113.75536245751282
train_00561.jpg,cluster_2,31.959870796202825
train_00563.jpg,cluster_2,22.953227005574867
train_00570.jpg,cluster_2,108.22954651164129
train_00573.jpg,cluster_2,113.16078347161816
train_00579.jpg,cluster_2,97.97638073482369
train_00581.jpg,cluster_2,108.6271162250334
train_00582.jpg,cluster_2,113.60027524199738
train_00583.jpg,cluster_2,112.35105386427487
train_00584.jpg,cluster_2,54.40149644359228
train_00587.jpg,cluster_2,111.03200501104057
train_00591.jpg,cluster_2,50.88286194070206
train_00596.jpg,cluster_2,91.6765985719924
train_00600.jpg,cluster_2,115.4054581953256
train_00605.jpg,cluster_2,116.68409959312042
train_00606.jpg,cluster_2,102.90219880476481
train_00607.jpg,cluster_2,44.74907415205408
train_00616.jpg,cluster_2,111.89259568729983
validation_00007.jpg,cluster_2,114.89321361566056
validation_00009.jpg,cluster_2,106.30721179957627
validation_00013.jpg,cluster_2,99.17455084678754
validation_00014.jpg,cluster_2,122.77539347290919
validation_00020.jpg,cluster_2,90.46241806075092
validation_00026.jpg,cluster_2,8.970959200649439
validation_00034.jpg,cluster_2,54.65819123640299
validation_00036.jpg,cluster_2,105.56092949543542
validation_00037.jpg,cluster_2,9.995944746338793
validation_00048.jpg,cluster_2,108.18751439166032
validation_00053.jpg,cluster_2,115.80510778943348
validation_00061.jpg,cluster_2,34.954179187763955
validation_00063.jpg,cluster_2,21.10404885498543
validation_00064.jpg,cluster_2,100.27840647020653
validation_00066.jpg,cluster_2,83.14766903021716
validation_00067.jpg,cluster_2,13.24163585203707
validation_00073.jpg,cluster_2,108.43782166309754
validation_00074.jpg,cluster_2,91.65751967305323
validation_00076.jpg,cluster_2,115.94612793336698
validation_00080.jpg,cluster_2,8.804719138514388
validation_00085.jpg,cluster_2,86.72289609253458
validation_00088.jpg,cluster_2,13.320209145681089
validation_00089.jpg,cluster_2,109.20597752458542
validation_00090.jpg,cluster_2,104.55000074528016
validation_00091.jpg,cluster_2,106.84657844095013
validation_00108.jpg,cluster_2,11.086038430597954
validation_00111.jpg,cluster_2,28.189190057262017
validation_00112.jpg,cluster_2,110.03468154279143
validation_00113.jpg,cluster_2,81.59555065282564
validation_00115.jpg,cluster_2,101.2644740589015
validation_00116.jpg,cluster_2,118.28361680576816
validation_00122.jpg,cluster_2,76.60841280078681
validation_00124.jpg,cluster_2,93.22561257512761
validation_00126.jpg,cluster_2,54.0597071932974
validation_00129.jpg,cluster_2,28.922464539320128
validation_00131.jpg,cluster_2,99.67898696217759
validation_00133.jpg,cluster_2,25.60870157263329
validation_00145.jpg,cluster_2,120.49406902201666
validation_00149.jpg,cluster_2,119.75664589979519
validation_00152.jpg,cluster_2,110.45896237502397
validation_00153.jpg,cluster_2,112.50939120107074
validation_00155.jpg,cluster_2,119.3965756844466
validation_00158.jpg,cluster_2,104.19320415915867
validation_00171.jpg,cluster_2,111.67643312241464
validation_00173.jpg,cluster_2,103.10281249982054
validation_00174.jpg,cluster_2,105.46696709795289
validation_00175.jpg,cluster_2,116.83683598552189
train_00020.jpg,cluster_3,88.97967562899262
train_00462.jpg,cluster_3,149.05254153163577
train_00578.jpg,cluster_3,78.19104437319002
train_00613.jpg,cluster_3,78.4660577568964
validation_00021.jpg,cluster_3,57.51332848936122
validation_00027.jpg,cluster_3,81.88979491983335
validation_00032.jpg,cluster_3,77.9786039321405
validation_00065.jpg,cluster_3,66.3083530928627
validation_00107.jpg,cluster_3,52.8369795576656
validation_00141.jpg,cluster_3,65.30160295582856
validation_00144.jpg,cluster_3,82.88196292936077
validation_00177.jpg,cluster_3,54.915084629473014
test_00000.jpg,cluster_4,61.4704586963063
test_00003.jpg,cluster_4,49.10343037441074
test_00011.jpg,cluster_4,94.16648776586669
test_00014.jpg,cluster_4,78.24563092454758
test_00015.jpg,cluster_4,67.90563934438606
test_00018.jpg,cluster_4,93.0929477522647
test_00022.jpg,cluster_4,100.50945734284551
test_00052.jpg,cluster_4,69.30022854610282
test_00056.jpg,cluster_4,62.75695663272673
test_00073.jpg,cluster_4,51.23794394249362
test_00074.jpg,cluster_4,76.96812756730789
test_00078.jpg,cluster_4,13.18881306939501
test_00086.jpg,cluster_4,79.93150321724599
train_00002.jpg,cluster_4,28.555703933567425
train_00003.jpg,cluster_4,27.840355271940805
train_00006.jpg,cluster_4,77.32898899406788
train_00008.jpg,cluster_4,77.4481461043564
train_00012.jpg,cluster_4,69.98546860543405
train_00014.jpg,cluster_4,45.034649928289326
train_00024.jpg,cluster_4,88.53580971352385
train_00027.jpg,cluster_4,78.21117831400034
train_00037.jpg,cluster_4,20.064514928163625
train_00042.jpg,cluster_4,27.204265909523283
train_00044.jpg,cluster_4,27.836229708809633
train_00051.jpg,cluster_4,49.84525708546436
train_00059.jpg,cluster_4,22.74098679709561
train_00062.jpg,cluster_4,51.97948815242691
train_00068.jpg,cluster_4,98.44073226536415
train_00069.jpg,cluster_4,61.295800588793114
train_00073.jpg,cluster_4,62.91071763868145
train_00075.jpg,cluster_4,77.30949974234308
train_00078.jpg,cluster_4,30.010538389468277
train_00085.jpg,cluster_4,74.05423028993329
train_00097.jpg,cluster_4,70.92786067036958
train_00107.jpg,cluster_4,43.05767509430099
train_00115.jpg,cluster_4,84.31694432517023
train_00121.jpg,cluster_4,63.14570902484781
train_00128.jpg,cluster_4,55.340266786462585
train_00135.jpg,cluster_4,84.65548905372951
train_00139.jpg,cluster_4,13.816089565249023
train_00156.jpg,cluster_4,83.22706722500621
train_00157.jpg,cluster_4,94.94386410686583
train_00165.jpg,cluster_4,11.73892557240553
train_00167.jpg,cluster_4,56.631243007241046
train_00171.jpg,cluster_4,73.20181560441226
train_00176.jpg,cluster_4,76.83137240187003
train_00177.jpg,cluster_4,28.525098897295
train_00183.jpg,cluster_4,46.79546791000311
train_00194.jpg,cluster_4,32.82424054786031
train_00196.jpg,cluster_4,76.01774143315684
train_00198.jpg,cluster_4,23.600433990144637
train_00199.jpg,cluster_4,109.93679548448304
train_00203.jpg,cluster_4,61.11062457602512
train_00211.jpg,cluster_4,48.705271365497154
train_00219.jpg,cluster_4,47.06346279114275
train_00224.jpg,cluster_4,89.76687897902006
train_00228.jpg,cluster_4,98.5446053224393
train_00230.jpg,cluster_4,86.0363500975835
train_00231.jpg,cluster_4,45.00781047839259
train_00236.jpg,cluster_4,86.52464406597667
train_00240.jpg,cluster_4,77.9986415334488
train_00242.jpg,cluster_4,15.484130802258585
train_00246.jpg,cluster_4,68.61751842887351
train_00257.jpg,cluster_4,16.378805302449557
train_00258.jpg,cluster_4,98.18745408019616
train_00263.jpg,cluster_4,91.65158891026205
train_00267.jpg,cluster_4,32.67880953663452
train_00268.jpg,cluster_4,61.339101701432185
train_00278.jpg,cluster_4,93.90353156178152
train_00301.jpg,cluster_4,49.85628797600411
train_00305.jpg,cluster_4,99.03103849114025
train_00321.jpg,cluster_4,67.26371681102536
train_00323.jpg,cluster_4,84.47500202994539
train_00329.jpg,cluster_4,21.82463139200798
train_00332.jpg,cluster_4,36.50724457720396
train_00339.jpg,cluster_4,102.72905089777397
train_00348.jpg,cluster_4,83.74213435362086
train_00350.jpg,cluster_4,94.4073129517974
train_00351.jpg,cluster_4,49.23367548284316
train_00352.jpg,cluster_4,7.494031607098418
train_00353.jpg,cluster_4,63.862663431121746
train_00364.jpg,cluster_4,46.59690748804804
train_00365.jpg,cluster_4,66.81026366353099
train_00367.jpg,cluster_4,56.13203791633194
train_00368.jpg,cluster_4,83.84593893491879
train_00369.jpg,cluster_4,61.187157010537334
train_00373.jpg,cluster_4,74.96609079946428
train_00378.jpg,cluster_4,58.80326810147468
train_00383.jpg,cluster_4,64.96412337514393
train_00387.jpg,cluster_4,42.42267984938354
train_00393.jpg,cluster_4,68.87399705927001
train_00396.jpg,cluster_4,62.48070595964328
train_00398.jpg,cluster_4,76.65190890993605
train_00403.jpg,cluster_4,28.40386589580365
train_00406.jpg,cluster_4,65.45052647452903
train_00408.jpg,cluster_4,76.73048714627991
train_00411.jpg,cluster_4,44.69954860314166
train_00417.jpg,cluster_4,77.46001181686465
train_00431.jpg,cluster_4,97.39366190293134
train_00433.jpg,cluster_4,51.12763895009462
train_00435.jpg,cluster_4,56.206766535821636
train_00436.jpg,cluster_4,111.13366608782451
train_00441.jpg,cluster_4,89.29178493536061
train_00455.jpg,cluster_4,65.43784840829072
train_00460.jpg,cluster_4,54.14306414423774
train_00464.jpg,cluster_4,106.00735733878881
train_00467.jpg,cluster_4,69.9460382408348
train_00468.jpg,cluster_4,72.17313851468036
train_00473.jpg,cluster_4,66.6075437767015
train_00477.jpg,cluster_4,85.91902327011469
train_00480.jpg,cluster_4,76.15935780341498
train_00481.jpg,cluster_4,89.05141807797553
train_00483.jpg,cluster_4,62.41894586443294
train_00484.jpg,cluster_4,98.66495808871441
train_00485.jpg,cluster_4,70.91052002249404
train_00503.jpg,cluster_4,57.13236303754091
train_00504.jpg,cluster_4,75.3864472709026
train_00506.jpg,cluster_4,40.6004291771268
train_00512.jpg,cluster_4,67.84575281262426
train_00516.jpg,cluster_4,91.06367057066464
train_00524.jpg,cluster_4,76.01068277809165
train_00528.jpg,cluster_4,73.00494679183284
train_00529.jpg,cluster_4,69.41927765240246
train_00542.jpg,cluster_4,91.83003233917697
train_00544.jpg,cluster_4,65.29903587152982
train_00552.jpg,cluster_4,34.8275136033192
train_00553.jpg,cluster_4,88.66873857066093
train_00558.jpg,cluster_4,83.29978713304682
train_00562.jpg,cluster_4,39.07500180009233
train_00565.jpg,cluster_4,86.22962845629684
train_00568.jpg,cluster_4,67.20804354130193
train_00572.jpg,cluster_4,69.64464196585067
train_00576.jpg,cluster_4,68.1466568509537
train_00585.jpg,cluster_4,83.3245184406124
train_00588.jpg,cluster_4,94.48139845732379
train_00593.jpg,cluster_4,57.15821722913682
train_00594.jpg,cluster_4,77.44478080974862
train_00599.jpg,cluster_4,64.89299442339937
train_00609.jpg,cluster_4,92.89559765733577
train_00611.jpg,cluster_4,51.220262489355605
train_00612.jpg,cluster_4,91.13664625795963
validation_00003.jpg,cluster_4,57.61009125747895
validation_00004.jpg,cluster_4,91.92558586225822
validation_00024.jpg,cluster_4,74.39014339109951
validation_00038.jpg,cluster_4,68.06873592450017
validation_00039.jpg,cluster_4,46.576628424363435
validation_00042.jpg,cluster_4,45.744673187294744
validation_00046.jpg,cluster_4,97.7105653540971
validation_00049.jpg,cluster_4,44.99735922570568
validation_00051.jpg,cluster_4,74.81060018139044
validation_00054.jpg,cluster_4,91.73353642903254
validation_00056.jpg,cluster_4,62.48334494920796
validation_00057.jpg,cluster_4,93.55867808362949
validation_00058.jpg,cluster_4,94.54447816108808
validation_00060.jpg,cluster_4,87.60689486798503
validation_00072.jpg,cluster_4,4.269628162619844
validation_00079.jpg,cluster_4,51.9253175624272
validation_00082.jpg,cluster_4,80.69503995025947
validation_00093.jpg,cluster_4,55.84062192596033
validation_00095.jpg,cluster_4,52.85957264142159
validation_00098.jpg,cluster_4,42.38018296286538
validation_00099.jpg,cluster_4,49.369069415943464
validation_00101.jpg,cluster_4,109.06083985171361
validation_00103.jpg,cluster_4,28.338905286869835
validation_00106.jpg,cluster_4,46.94124370007187
validation_00114.jpg,cluster_4,95.00901761737107
validation_00117.jpg,cluster_4,54.02504959499845
validation_00118.jpg,cluster_4,64.23141784597105
validation_00123.jpg,cluster_4,72.10047058507682
validation_00130.jpg,cluster_4,93.28136769269574
validation_00135.jpg,cluster_4,76.50497007574883
validation_00140.jpg,cluster_4,64.36817385505914
validation_00143.jpg,cluster_4,72.62469798643879
validation_00159.jpg,cluster_4,95.8912437687807
validation_00161.jpg,cluster_4,46.72345836018258
validation_00166.jpg,cluster_4,92.4002014671804
validation_00168.jpg,cluster_4,78.56739164649677
validation_00169.jpg,cluster_4,68.86816355853944
validation_00172.jpg,cluster_4,101.97016013575738
validation_00178.jpg,cluster_4,78.51403963663122
